3230 7948
1478 3145
835 2305
7110 7556
3811 5024
430 4505
3046 95
2511 1887
1139 4037
1972 5797
5086 49
5760 5904
5800 7015
296 3014
6208 6979
6390 7818
2970 2642
3030 8020
6819 4121
6705 3558
2580 35
4603 5973
1002 5420
6488 6389
6843 3577
2780 3041
2626 289
1990 6595
2446 4340
6092 260
1274 7816
343 8114
5885 3960
3963 5285
7964 5626
3267 7802
7254 3071
611 5819
4534 4643
2797 4737
497 744
143 2381
7343 8152
5086 6517
2785 3194
5823 2896
2407 2535
4518 6915
2953 6058
496 474
4115 4844
7570 2716
1253 850
3328 323
4292 6612
6167 839
7315 5758
5893 5123
2366 5708
4620 2716
6284 993
5147 6990
3728 287
5674 3626
6223 8052
6894 3460
1810 7310
7154 7249
2175 5631
6430 5387
3621 4665
3793 451
1398 1336
3614 496
4820 499
2833 5847
4333 5353
7519 3838
3119 3631
1704 6383
2551 57
5390 4587
7755 2279
8192 7471
1262 7100
4058 4912
4960 5166
7992 5114
812 1299
4276 573
4999 3900
4425 784
866 8102
3781 5344
3786 5082
2682 4251
3633 6180
2033 265
5657 970
4408 2681
3948 1071
6285 6397
3536 4997
3600 2239
3773 1896
2160 2633
412 2954
2909 7628
4637 6071
325 5178
1375 3842
438 2310
5956 2837
358 2956
2031 3851
3821 4896
683 379
7375 2843
4693 884
6206 7226
1177 1278
2571 4043
1415 429
5778 3808
2662 7969
481 8016
455 8017
3565 3760
2277 6030
4756 3466
5497 1275
4416 4207
172 7785
2635 1939
3704 3561
3456 3413
1870 848
3108 3635
4655 5360
2704 6131
7201 8187
3266 2251
1941 5917
1645 5690
6641 53
286 959
645 4597
7756 176
6972 3786
3507 3690
7612 2553
6102 5726
3911 1524
4055 2291
4306 94
6252 491
163 6038
905 3245
3335 7131
856 5594
910 7949
6378 530
675 4368
4940 4182
8192 320
2934 5832
3783 3083
3427 2517
8142 1419
7285 4025
2870 7970
6646 6103
2772 694
6820 2696
7846 5804
2760 150
2138 733
6348 6112
8106 4691
5442 1396
5045 4707
4002 3697
4368 2185
7116 3460
4669 7490
7050 1552
1459 7757
4096 7497
4263 3965
4628 1262
7364 363
4576 1244
2836 1452
6462 7119
3880 3063
2649 1853
4022 1585
5965 1615
7769 7398
7677 4661
5680 1985
860 5794
4288 6827
1270 7442
679 8112
6664 5433
4639 789
6511 6735
626 3681
7420 126
6818 7081
2427 3087
4357 7303
4834 7339
5725 6764
4342 2917
1794 7402
7729 8086
893 3555
7169 646
6063 1422
5574 6202
6496 4989
3888 7218
4787 629
1263 7308
5013 7540
1077 6159
3520 3317
5130 6212
6735 290
2679 5011
1494 1595
7685 4399
241 8128
4067 65
3850 492
2941 4843
7581 5302
442 806
5100 2756
1731 4060
5658 1860
4123 4005
4073 4933
4550 465
1386 1174
1795 443
6277 3523
4731 7575
4896 1216
179 6931
2515 2086
3476 554
3281 5994
4263 5350
4758 2752
5542 6115
1161 7613
4345 6560
215 981
3261 123
513 1048
3041 2763
7173 5571
3201 6006
2826 6722
6468 4426
7650 6909
8177 1867
2087 7104
696 658
1880 5607
7163 7864
5408 942
1965 7059
2837 5442
6875 3795
3079 4370
4439 681
6498 1590
4919 1893
6001 3060
3975 618
3536 1908
6285 6494
962 3416
7387 7682
1452 3510
946 4257
259 4355
3934 6683
1978 2510
7304 7533
261 6507
1202 5711
3526 2319
421 4908
3111 2413
859 7987
3995 7846
3060 7413
2208 6955
3145 1204
4943 5543
7768 23
4539 3560
3988 1577
4210 4053
6180 8036
6492 5337
290 565
3230 6189
7215 6759
4643 2136
3031 4595
7673 5692
1843 5878
5921 71
1523 6349
4221 5739
2175 1292
167 5331
7336 2013
1005 1648
3449 2498
3351 6480
2468 4404
479 7615
4508 7896
7714 2983
1138 103
3198 4097
7919 888
2672 5802
6717 7841
7339 3263
6003 730
3635 3037
6650 3420
4075 6006
2107 7505
3624 6672
7906 4781
1741 7840
2871 1050
5437 3657
1903 5668
1792 4286
6856 1104
6813 7706
7531 5869
6090 5608
7141 2559
7343 3394
2013 659
4746 7251
6604 5977
6244 7519
4357 5241
6198 2025
3682 547
1038 4723
2057 8095
5614 6169
7403 783
5694 5497
6827 4012
3515 5122
337 5797
7575 1374
7544 7048
1352 6573
5029 6000
5502 996
4384 7961
946 421
4520 661
2669 85
6626 6647
964 1977
7053 1223
5787 1069
7962 3193
3104 5406
82 309
3766 7391
116 7118
6118 197
4460 6323
2261 3406
1398 5396
2745 5811
3898 5332
6493 5864
6554 7130
3186 4283
2116 305
8111 895
4466 2161
1637 5498
1207 3712
6197 5642
628 4192
5725 1710
6880 1237
6769 48
1411 1461
3009 1462
4973 1013
5863 292
1058 1949
5682 150
4085 2927
7615 2323
4624 1155
318 6742
8062 4168
2770 3825
5661 6187
8097 6194
7536 1769
1813 5153
5325 5255
5687 3916
2401 6365
794 5037
6578 1963
571 73
6702 8139
6066 4302
4640 4885
1436 7550
2243 1485
5362 4622
6596 3751
1317 6776
2836 1342
659 6607
2056 7570
5362 3633
232 6503
1152 1636
6683 31
3555 2618
4342 5194
381 1924
5317 7432
7888 3658
4314 3983
465 4773
4201 2848
4370 4534
3238 7037
6168 6407
7013 4939
5107 2458
1131 253
3873 4142
2315 1795
1455 5825
2421 5769
2868 4796
7482 816
6185 4849
7884 1393
7289 7176
3161 1699
6646 5393
4744 3161
113 1106
6387 3474
5294 7666
6005 552
3973 6128
3608 4766
6067 6020
7242 5702
5223 4722
7039 5014
4940 3121
6166 2216
3221 3019
863 6324
3207 2988
1682 5077
3049 2214
3638 5642
5463 5086
4945 3547
3915 7147
6384 5252
6946 6239
7901 425
4712 7691
7360 980
1039 4223
1563 6886
1906 4583
7845 4148
28 6580
7976 4285
4093 5496
7713 1319
1724 3437
3498 637
3300 1428
7636 2222
5416 3503
1535 4797
7496 1645
6147 6604
791 6443
3173 2892
7973 3015
7907 8043
3013 2520
2343 7676
1077 5796
334 2476
7628 331
1951 1657
2550 7063
1468 2291
8104 1538
1458 3207
2475 1677
7211 5681
8160 58
2441 6910
7626 1482
5374 3689
3146 550
4779 6108
4557 3781
1912 4431
1027 2440
3538 5648
6992 2976
911 594
4044 5898
7522 3333
6905 8003
2821 2946
2524 4723
6003 6495
3382 1305
3505 4531
4344 5213
7419 4059
222 5518
5998 1188
1596 7127
4072 864
7505 1364
3492 6192
8183 564
7312 5302
2110 6442
3796 2534
7133 6840
5018 1642
7676 397
5946 7910
3585 5312
7766 4319
2061 5792
55 3571
8 1091
8134 2202
5238 7127
5975 3242
2745 755
724 3239
608 780
576 2129
7383 7523
5325 6752
3821 1480
1891 2871
4003 2908
452 2623
7476 2340
2162 6123
5697 2497
5846 853
8025 2653
7453 5340
4201 4346
7078 1830
5789 7710
2601 5781
3943 1363
2475 6396
5684 6135
6988 6835
5690 5308
753 6210
884 7621
6518 530
3649 6278
7244 446
1484 6538
3999 564
1155 4561
1275 92
6975 3485
8058 5179
1892 7974
3286 1878
2631 4332
4895 526
7691 2985
2770 2225
152 548
6130 6951
2538 4084
6560 8191
1431 6561
1129 5611
6864 3763
2814 1486
5316 6494
3679 3991
7587 3032
1285 3396
6452 6220
6232 4157
2328 4658
6332 139
6923 3173
7579 2904
3526 5212
3198 5897
5681 2891
3324 1402
3245 7685
1021 7446
4559 1966
3323 3082
5679 7997
3426 6977
6760 2343
1158 6089
4223 3295
2232 767
3342 2507
6321 4962
4742 4743
6042 7745
7870 2510
558 7940
6589 6096
2895 6975
3081 1948
6752 4492
6330 3519
548 7973
5714 6118
8096 4983
4314 1966
275 999
5641 1666
6245 5404
645 1983
7305 1631
2687 127
7430 4472
4719 4394
697 746
4828 4868
1232 767
5395 6869
3471 2516
4326 3964
737 4048
3002 4650
6637 773
5289 6826
5479 7868
6645 3183
522 5947
7525 3264
2766 8110
3311 4339
2938 1650
7994 3544
1893 3944
1442 6503
1358 4668
4795 2010
6408 8076
765 3826
3713 7385
1564 7051
6615 5009
6367 5070
2741 4503
2112 4071
6942 5302
4258 301
2553 7963
4507 6116
4091 2198
6903 922
5925 1169
236 6365
2645 5073
6743 1414
884 6052
927 1600
1010 1409
4430 5696
3381 6692
4091 1271
341 5044
5986 1766
117 954
7012 6321
4690 2818
8109 7076
2337 2695
6942 1847
6783 4454
6867 2862
2321 1503
4947 847
4893 2296
6419 8192
1412 1636
1345 7230
1492 4950
3880 4953
5056 374
1233 6043
7768 5458
876 4404
2698 2797
6292 5368
6988 7750
7724 5048
3624 7720
6789 3834
943 3578
1029 859
4573 8078
5676 1271
7502 482
8029 3828
8174 4509
4647 5279
1818 5103
3354 2069
3488 7064
5329 4073
4311 4849
1607 2598
3492 6968
5005 3802
5119 7034
1268 3648
3365 793
7496 3987
3550 2362
5766 6935
6436 6710
7462 7958
3473 5050
7139 2151
6172 7500
5737 5478
7404 6262
4349 2224
1379 2882
2747 4609
4765 4751
4186 4776
5123 7072
4687 1237
4075 6428
1365 7469
271 1820
3735 4707
6689 5608
1555 7609
2710 4679
2590 1477
7151 7593
892 3226
3458 4612
3662 7165
5650 7552
2187 3178
7213 207
2804 2486
4313 1252
3171 5997
235 3804
6568 1653
1229 2533
5896 2953
3083 8087
7157 5407
6754 6849
2771 3517
8067 2439
3243 6098
3702 4718
1453 8139
618 927
3106 4432
1621 6202
1957 5520
3341 2097
1486 3225
1247 6985
3054 202
1968 1694
2142 3467
6004 690
840 146
5782 5885
5150 734
2389 4838
1216 3714
1827 7365
95 1355
5184 1379
7361 2156
5725 7722
4428 6668
3990 2129
6781 7349
713 6652
3877 2611
7463 3780
5974 6025
5239 4411
2541 1417
5390 4422
5732 8141
537 6185
397 8160
3347 4533
6797 6099
2730 4205
3636 1079
6410 5982
6321 2982
7374 6575
5951 7474
1418 7178
3561 6882
4859 4985
7207 6203
232 115
981 2568
925 2902
464 5083
7373 3869
2115 811
7628 1802
7750 1265
1378 4430
6992 1357
351 6367
8037 117
3472 5809
7950 2396
5658 3470
1413 2976
5179 5174
6791 7899
2790 1345
4903 6157
1926 4160
2557 2848
5575 7257
7988 3879
814 3247
3485 7884
6172 6220
6712 1910
5663 4565
809 3302
6721 384
1959 845
1166 1194
610 7859
2684 5950
4144 7999
3118 7454
1182 4451
7381 5185
5778 901
6003 3985
1746 1627
2485 6148
2034 2104
5055 3564
3018 6631
5773 3997
5644 875
4256 5251
7548 6986
1739 8143
5373 1552
3470 715
7723 3236
1505 6804
4264 3457
6677 5919
7077 6139
5540 5713
6989 4261
7138 4961
2445 1352
4353 4520
2584 5528
5346 728
929 2186
5527 1249
7414 6474
2771 7157
1020 6418
1418 2142
7080 2253
1157 1349
5241 4767
6883 1058
2162 3800
2647 5585
3530 243
4951 7255
6498 257
6997 5651
384 6219
4073 459
1517 6386
1387 4411
4067 7792
6717 6553
7067 5481
6781 2161
6788 5980
1403 4110
3157 3577
7213 3342
4932 657
6355 6746
2284 4332
5090 4427
5476 2189
7211 6967
1532 1999
1786 5118
1972 1993
4456 4178
7380 4040
6338 8005
2489 2364
1189 5027
8009 2203
787 5116
4610 6441
2566 2377
7302 4308
6904 3153
7938 1384
6679 4605
6187 5404
2042 3337
862 184
6657 722
2087 1103
4989 6016
8021 7263
1516 1232
3288 4836
7412 3344
6718 4449
7242 4749
2733 6880
5922 3340
3541 3129
7451 2586
2457 126
6122 5732
1649 3252
4699 2122
2646 6886
6787 4939
962 4042
7704 7993
56 3144
8003 5276
634 5353
655 4339
2945 5981
955 1826
1776 5564
3956 987
3673 6589
5675 5425
5541 3365
5897 6095
4326 6784
3920 7062
3811 7028
8037 781
6504 4223
437 1421
4728 2233
3936 2411
1644 8163
622 821
1178 1418
3669 8102
855 7885
3657 2636
32 5980
7261 4518
1562 830
4090 4978
4155 4285
3567 6750
6490 85
4155 4816
4015 3974
7332 3803
5419 1013
1758 3699
5319 6368
6787 5220
981 7852
2242 3473
1325 6125
4801 6338
2802 5271
4899 1817
4112 69
8114 6662
6216 5751
3951 938
5675 8168
6907 3058
1830 5542
1239 2542
1232 1
6894 6912
7189 484
111 285
2034 4508
4475 5020
4167 8156
6442 1405
5332 3441
1499 387
6977 3199
8004 5130
1571 1824
480 7384
3508 7454
7935 3194
3932 4118
6519 1652
5168 662
1778 1053
8153 2126
6438 4280
8004 5688
2972 3309
3358 3663
4885 1528
2038 5662
133 4419
3084 4225
6767 8069
4487 6753
4632 5297
6369 5965
4288 1176
1562 5571
4301 3676
7517 2347
5638 963
8110 6415
4028 398
5901 1918
5588 7759
7479 7673
5383 6390
2278 868
5544 643
4317 6279
21 6618
4800 3898
20 7797
420 4401
7797 7932
4634 1270
5996 7993
6818 436
214 720
2868 3824
2174 4794
7050 4270
6452 1097
3875 1715
1200 3205
8166 7596
3074 3370
1750 5504
6659 5445
5998 332
5899 5575
5882 8086
7013 3319
8048 6885
4144 3434
5396 1571
2131 1629
6213 3366
2607 7888
4998 6436
5131 2537
1934 6200
3441 3156
5158 4190
2811 504
2557 1580
7564 6980
2951 4887
4291 3654
4182 43
6668 6103
726 1407
4070 4848
1758 813
1037 6283
3156 6839
7269 7495
4542 5316
228 6053
3048 2966
6642 7621
6822 4214
7918 8060
6311 8103
7302 2624
3778 4023
6651 4487
5322 7701
7610 40
5141 5482
6586 2148
4346 2247
174 4649
803 5678
7463 2921
5448 5187
3321 2946
3448 7004
6867 2768
104 5888
2118 4768
2247 8114
7536 6066
7973 38
3252 1468
2875 2262
7423 3234
306 2546
3688 517
2852 2302
498 3592
2941 5958
5822 2412
2796 414
7395 4897
2138 7483
3726 2544
764 1085
1692 2606
4133 4891
1330 2523
327 8082
6168 6944
5613 2620
5790 7498
3648 4485
859 4709
5190 679
8081 2192
156 2944
1187 8057
2535 6390
569 1194
6561 6805
6590 961
1760 5888
3302 5981
3035 4562
395 7429
145 3069
4577 4475
6496 877
6222 1528
5568 3180
1846 1427
515 6226
7094 2525
6440 4892
1055 2211
399 2430
7746 7098
4355 2255
3659 5976
2703 3637
6993 2726
4864 4847
7086 6820
1730 446
1921 4334
3627 6570
7883 5878
4525 3419
3496 6206
5112 4483
1656 4792
4755 1802
2129 6733
1781 76
254 370
1720 4181
6459 4598
3651 6725
5826 5823
7409 3976
1567 1789
3344 7967
1517 3363
7386 2807
657 768
4053 6647
2633 4022
142 376
6754 3585
3322 2668
6731 1411
6083 2525
4258 7919
6946 2018
7312 2924
4734 4391
7833 6189
1571 4101
3830 8055
2103 5114
958 1813
2714 5656
7470 7859
8058 7638
2711 5431
874 217
6122 195
3019 256
1861 7722
4910 736
5796 1155
5148 4634
6182 4939
6428 4217
2161 3300
1668 103
4932 6137
7528 2031
1847 5756
4638 1844
3699 6106
3093 7287
5365 388
4506 8044
7063 163
6089 5579
2921 6001
6804 5288
2718 4809
2534 3310
4969 4584
3399 1570
7774 3449
1236 1997
2644 5832
2452 3827
5421 3640
1702 1548
6044 2698
6881 3313
1068 1875
7026 1415
6212 2170
3234 1507
7450 7684
5475 1094
3089 7866
1481 3621
128 7805
807 8017
3664 5990
8148 6284
4910 6533
4300 814
6942 3015
2472 5899
1261 6819
7336 5013
7012 4046
2708 651
3952 4584
31 6358
2764 2840
4630 4423
4553 4625
5411 3622
2695 3601
6139 5928
3329 7357
3311 2065
5187 3995
2552 6175
2112 8138
3342 4587
5428 7116
2263 7103
6539 4320
1581 1475
566 1946
2079 6638
6688 6104
6904 1466
6089 4343
4234 4111
3738 7079
5949 5495
7702 7399
5824 4020
8089 6260
7020 6666
4670 78
169 1748
4493 244
602 3995
7850 7108
5251 5974
3815 460
3451 1650
6957 4581
4261 7512
3838 536
1777 345
3847 3082
4281 367
2420 80
425 3993
7721 7025
6965 1945
6872 5406
7354 3701
2130 1174
827 894
6127 7256
1769 6793
90 3231
1236 3914
316 2255
3268 6268
2474 3739
211 8163
6430 3941
7069 4707
2916 5653
1324 24
5638 5765
1126 5614
4377 304
2038 600
3345 1628
1323 3429
6961 6026
6012 7225
4364 1447
3577 4831
6695 1224
1295 2598
5632 1617
3574 5627
7234 3958
2006 3400
1769 1156
6854 1174
6146 1400
2303 7681
8163 1060
7951 4894
5092 3787
7948 4222
5017 3088
4132 7908
267 580
6921 2945
3863 5745
7478 859
7953 7415
3880 1781
1910 2265
4419 3120
2895 6045
4220 6929
3466 7220
1012 4200
4315 3429
2153 3502
2925 5780
1619 1300
6763 1874
5254 7438
1451 4928
6504 4003
7886 6338
6055 6816
1426 2937
7684 6309
7178 4646
8044 1945
3961 905
4012 7173
5230 4076
4433 2595
1642 1531
5974 1846
3437 1843
5517 5950
3588 1442
5193 4952
6233 7766
1712 6386
4874 1565
8063 6940
5683 1361
7215 6134
6686 7258
7241 5198
7787 172
7984 100
7344 894
880 116
5211 4972
231 3790
790 7781
1609 5097
2898 6375
3306 5880
3556 1142
5660 5499
3831 8123
5895 6396
4534 6410
6000 5261
621 2101
3210 5545
4923 1967
6800 6822
3402 2501
6257 6940
3576 1756
6193 6410
272 4068
7829 4168
2361 5920
3435 4897
654 1056
4328 6172
6144 2686
6211 7098
6574 3606
2011 6198
4848 5498
4788 6935
1642 7531
527 464
2389 6112
4868 5999
7710 254
3315 7140
4169 6849
1867 4278
7743 49
3008 918
5715 7298
1245 7879
4875 6030
5831 7755
1788 7441
7133 5956
5640 212
2376 2811
3313 4143
587 6896
6461 7761
6576 5240
6653 2045
6544 1631
1318 7540
1986 5375
7941 3887
5052 3319
2665 5598
4029 1280
138 5551
8069 1433
4950 873
7698 5094
1066 6331
4826 996
1691 2654
458 2359
6719 664
4288 6620
5763 4037
5739 7483
5416 4537
7736 7133
452 6323
4362 3818
3048 1345
5802 2981
3030 672
4530 8100
4440 6276
7996 4949
7614 2460
1035 2619
1370 1576
1932 1098
2944 4777
5601 5629
5110 2634
4877 2954
5500 4038
6929 5455
2580 2733
8037 6852
4328 7693
5189 720
2920 6277
6685 3423
1280 4466
2119 4786
6723 5621
6636 1413
6482 5136
2742 1097
6104 4024
4427 3412
2958 2382
5969 5210
2273 6194
1424 4562
5832 5422
3250 2605
1165 66
5762 6012
4137 2804
5063 7041
4584 7553
2649 3206
4395 7939
1836 403
5998 1816
6265 5506
2825 3792
2074 1452
3869 4257
5477 5504
7718 3611
3146 6326
1779 820
7836 4262
6121 1159
2033 6386
652 4175
7681 5963
7727 2050
2092 3040
5969 618
4363 2444
6346 457
1215 969
4607 7255
6376 6017
1151 2870
4025 411
6155 6683
4942 7317
432 5246
3558 7111
786 7170
2542 1075
3827 7524
5291 6825
342 6142
5169 2977
5239 4955
3995 2538
2068 4812
7986 2739
384 3394
3381 4976
4539 5
6192 8185
2732 1948
4528 4045
7867 2294
652 6172
5549 3714
4788 7318
6014 5941
3632 900
4916 5950
6458 282
1491 2596
784 8055
4117 5976
3216 8000
551 4902
7569 5080
945 6678
3679 1620
3125 5169
4576 1283
1578 7138
803 2664
6933 5542
626 3978
6235 3223
3640 488
7164 3358
6280 5783
2597 7208
4486 7167
2706 2742
4003 3507
4846 1038
2046 7955
5787 2517
5555 714
3648 407
3716 2304
6695 5763
7206 7305
8090 2907
1741 2008
8164 3891
7914 5290
4872 5637
6048 5293
1349 120
6212 3657
6116 2252
50 2012
1346 6053
6453 2182
6656 6885
4325 540
5972 7748
3381 781
4161 3892
4215 2223
7798 4546
2319 568
5310 3072
1644 5819
5346 3263
141 5338
4976 4931
1603 3989
8178 1338
5143 270
1998 4749
7862 939
3353 618
1418 4918
259 2596
5379 3579
5116 62
7912 1070
5681 6163
2829 1272
2128 4926
7687 8134
68 772
1867 2115
7537 6804
217 8103
818 5479
3392 6982
1913 7131
2686 1322
73 2782
7888 2106
3211 3253
3667 3031
1240 5770
2241 7337
7169 895
5852 770
3580 2994
1886 7002
6701 4450
5483 2878
4707 4973
1846 7820
710 566
8016 7603
3936 2193
307 341
4035 348
5105 5817
7045 6657
3586 261
6575 4069
6426 5363
4930 4644
6032 569
2213 2302
7410 4288
5166 895
2909 4947
738 491
3078 4512
5143 3174
7317 2243
846 6491
574 483
7786 1326
977 6774
1025 4308
7004 5709
5589 8081
7838 6406
483 6533
1396 4077
3177 4724
1175 7699
4622 8083
7889 7453
5127 2989
7414 3951
6919 6087
5520 386
2267 4138
1813 5567
2644 2086
17 3191
5321 4133
3950 7245
624 1421
6779 1078
4588 4565
3538 1376
7067 7610
2899 380
3006 3104
2221 1816
6281 4125
2020 5061
6946 6078
2660 5553
7887 6236
2132 4842
1710 7632
1819 49
6980 6713
1608 6351
1918 5989
2892 1754
602 4999
1265 7158
4203 7955
4261 2217
4668 1070
7944 4441
5801 3962
1561 1355
1959 1152
897 364
7236 4424
7641 7058
7348 4479
4212 5876
2645 1090
5601 7217
7736 8139
1925 3475
6682 1637
5199 2376
5280 7239
384 1444
5782 2556
6136 6335
2934 4447
7159 3676
4563 7632
6626 2586
3623 5871
5044 4961
7244 6144
6855 7419
2567 2687
6268 176
7588 1713
7706 124
6932 445
5101 3535
824 7468
7965 6744
1026 3842
8106 8096
2161 302
1924 7646
2864 2823
824 6537
593 3090
2550 1945
2809 2782
3923 3126
8138 8058
2831 1561
3711 5156
6277 2674
7170 962
6654 4200
3096 2060
1542 7523
6327 7628
7434 6101
90 5316
3709 2200
1112 3062
6573 4606
7692 7850
7078 6522
2908 3705
3636 1199
1338 1849
2313 5359
8001 5493
2688 5973
1482 7908
2771 1256
7825 7274
1376 4878
1508 7724
236 4128
2900 1774
4964 1645
2189 3569
7154 1830
5439 1688
272 7719
8003 5239
1663 2612
4665 1608
6673 2683
6926 3415
1820 4247
1193 3756
6868 2256
5691 8153
6755 1071
2865 6888
1231 6584
3938 2186
4385 5004
8108 2893
4840 854
950 1137
3720 7893
4761 5004
3775 419
939 7351
2600 2739
5011 3122
177 4089
5793 2237
2210 3923
573 6116
624 3368
4302 6312
2839 1202
2039 7295
5986 2023
945 2658
6758 1831
5003 8030
2054 4765
5026 3488
1782 5883
16 2733
3754 2509
5212 7068
3231 2095
4840 959
4985 1082
3860 4213
1110 1170
6475 7188
744 2259
341 2987
6627 3420
7271 662
4267 5005
3723 7564
1212 983
7549 272
4793 4861
1149 5589
2295 2181
7360 2607
3735 8074
1015 509
5587 3716
2899 4645
6221 3089
1875 2002
7139 6012
4361 3231
824 5633
6101 4401
6942 5357
6990 8130
7459 733
2947 3323
2272 6946
767 2620
4431 7831
2433 396
3188 6058
259 2951
4475 4719
7173 6290
7397 7309
6580 3150
4442 863
3353 6013
3887 2077
5007 5160
7252 2758
6492 4763
5753 4488
704 2472
4726 4249
3551 4703
571 2326
4467 3218
1499 2689
6678 7336
7220 3827
7968 2639
828 2048
6353 1373
450 1717
4063 5221
5702 7871
5423 6655
1778 8122
7042 5871
2870 1863
2991 2826
4716 6827
1509 5281
5957 290
8061 6991
4021 3598
1439 5419
2238 449
1375 2632
5999 7275
4480 494
7590 4769
1239 1725
6239 5348
3256 3417
1590 6299
4357 7380
7045 7663
7618 5920
3445 5515
2192 6638
1759 2238
7552 6044
6702 3862
7114 447
6405 2308
1188 6140
1727 7052
1027 5312
1536 1486
1780 1676
2687 3226
4117 3171
2939 3053
4066 3840
1157 6196
7556 6532
1334 7142
905 2196
2394 7184
1697 3424
5496 4192
1367 6232
6268 3443
88 2953
7084 1506
216 3763
217 2347
3400 5421
3699 3389
9 4309
1450 1862
5842 5659
1725 6706
6401 6731
4597 3337
8111 1352
1328 7706
6864 6287
3199 5940
5191 1149
5418 5059
2512 113
4611 6159
1538 7347
4939 654
6543 8153
6691 6785
4974 3704
2708 7242
3578 69
2798 3434
866 867
5210 3716
3109 7744
2485 4971
4710 3675
183 4806
3848 6548
3767 5240
6717 3343
3964 1915
5264 43
2805 1711
440 242
2624 3023
5587 4317
4692 4949
3974 2369
5393 6027
4920 5561
4222 5052
2376 1139
6290 5286
3626 2496
8085 3448
5135 1663
754 626
725 7014
2786 3771
2025 6745
3929 6140
2563 3621
5405 2577
1015 2910
4088 1640
7994 65
3879 4780
5130 7571
7137 965
2964 2119
7009 6579
2388 1897
86 936
2566 3641
460 3786
4291 2183
5537 1153
7555 517
5928 2969
3875 1743
3588 8103
7285 6895
1624 7005
6248 2754
2026 5927
1648 5613
3106 4589
5236 4545
6279 7353
110 1147
3684 7738
8069 3092
306 2342
4949 5253
7964 3178
1205 3436
7545 3671
7093 7749
2544 1062
6774 6839
5437 7463
6568 2535
2708 5251
245 7707
3494 383
4237 6148
414 2274
4052 6017
7416 3507
5251 5982
6781 1003
1211 7882
4249 3919
2235 4642
7685 3841
821 4082
3829 3696
6010 2382
3218 1474
6612 54
4291 5663
3279 7348
4065 4574
3959 4477
6908 4860
2924 6681
7805 5100
1111 777
3775 3820
571 5415
3050 2389
3736 2388
6687 962
1999 7875
5563 4264
1853 7001
6003 3105
3258 7603
6476 6582
7568 4455
7352 1410
7172 5693
183 5534
4513 6819
4312 7421
2628 4403
4243 2271
7168 2350
695 1123
7600 5704
4216 7443
3395 6335
3217 1311
6839 948
6413 2257
6802 5510
2532 7472
4319 3682
6341 4859
3601 7226
4145 7088
3021 7743
5718 6175
1268 878
8163 1816
3406 7702
3772 7122
114 717
4209 6739
1622 1463
783 4951
1457 7868
651 2647
1009 4170
4553 680
178 1885
810 2290
3018 6776
6479 7366
3916 4004
1006 6622
46 6830
6933 614
205 7937
4690 2485
4709 2850
6364 5875
6413 3350
6869 8103
3642 2900
6748 6668
2192 3206
7906 5227
2087 3654
3031 5313
2033 2782
7507 1838
3072 6732
5736 8119
1465 448
3783 6661
3452 5537
5682 5692
1204 5605
3257 7016
1948 8149
2239 799
1480 1967
4214 5086
2836 3949
666 7928
194 4070
1364 5753
5936 3007
5239 6129
5943 2872
4512 7793
5572 2158
3379 1710
729 5607
3979 4064
1905 1464
6510 6746
7739 2500
6241 2876
2346 7450
7858 7443
1086 1241
7170 942
1335 7675
3134 6648
3174 2254
5311 5227
6783 6277
7525 5776
3673 6920
7093 7297
4377 7667
4951 6135
694 7155
4861 3841
6521 5824
3280 4800
7497 4465
4958 4772
7471 179
6544 7827
277 4967
2369 4513
2059 5094
3682 3450
7158 6467
473 573
5862 4489
8085 6855
477 530
1685 5467
4103 749
6856 1363
3401 5788
1726 875
6010 6053
3133 7127
8130 2796
1921 4316
6442 7191
2755 92
2284 2441
1020 8183
5221 4022
7122 3959
5902 8107
1733 5727
7274 2155
489 7265
6307 2733
4061 6911
7363 1860
6494 8139
4686 7608
8190 2379
1967 8070
7032 1708
2751 6443
4811 2875
3884 6218
1740 4910
4022 6108
7862 7425
5413 1955
7455 2621
2449 3718
5212 7147
63 2057
1688 1777
6125 7673
5899 5737
6368 6540
6883 4429
5865 6379
6736 2846
4630 4935
6348 2583
7143 605
4737 3828
2705 4463
5411 47
1056 1888
734 3951
941 7533
1335 5162
802 2994
3176 4289
5380 1839
8150 3226
4032 749
2455 4855
2823 6361
4940 1380
7947 2721
1697 4519
2177 3389
2721 8032
859 3401
6748 4217
1103 942
3827 2590
100 5862
5770 3791
7892 2495
6558 3157
3865 4164
1575 4353
1288 4033
5919 5902
4077 7066
8070 6837
7467 2643
6504 223
2801 1411
7957 8074
4471 1473
6594 1359
7445 1323
5499 570
4282 4979
5509 6237
682 2861
2054 5235
2104 2864
2422 6072
3828 3904
18 8130
7526 5355
5944 550
7917 177
4315 5548
6023 6919
3518 3318
4392 5161
5546 693
5039 6077
6575 6120
2210 981
963 3133
8175 7073
3547 4361
942 4439
4674 874
6603 5805
7551 2556
839 1796
4789 3015
6064 6309
1493 3177
3867 3128
4087 7288
1338 1149
6030 1170
7655 6016
7144 7615
6798 5032
6206 1631
205 1223
375 7584
5936 1460
7952 1049
3413 1930
2600 5
5599 4014
6635 5414
5246 7558
8100 8103
4585 2075
3701 7904
4442 7319
5058 4981
995 3069
219 5868
6931 4197
1425 3298
7408 7510
5861 4858
5963 5558
2578 5865
7004 3936
2019 2384
7999 6594
1221 61
3945 1578
7012 3975
1214 7770
2471 7087
7058 3119
4430 5422
708 6495
7341 5766
6204 968
3382 211
1811 34
538 7410
6027 2758
6740 3187
3808 4708
3657 265
2720 3651
4660 766
452 788
2829 662
4539 4279
2098 301
7167 6781
3083 4548
4479 5035
2585 1490
1075 3947
2103 4343
5833 1783
1158 3700
2243 6962
913 4227
5056 3519
622 2446
6555 2152
714 2336
1531 2665
1464 1482
6447 49
1207 7486
4077 1997
5266 4816
364 4973
6016 2109
1338 1948
2123 1750
7614 7512
4201 5770
5996 607
2977 3828
7047 6940
1362 2472
2665 6776
3338 546
8070 8101
4627 5631
6931 4497
6646 7991
1619 1917
2856 4694
7325 963
4730 3651
5206 3109
563 56
3323 7409
5878 3281
3863 2095
1406 2373
7199 6151
2562 4888
4269 1780
2036 4240
196 3037
6672 3494
5517 5964
7250 7166
1747 5500
7340 411
5523 6054
4045 2766
1573 5036
774 5337
6822 158
6691 3698
1428 3996
6978 2339
4693 5381
5105 3319
5357 7529
5766 4913
1413 1410
5579 4019
2053 168
2124 5694
7523 2456
507 5239
1490 1494
3155 4380
2185 4343
2912 7862
2277 2610
2680 7323
2065 3371
67 4480
4304 3851
3799 745
1517 7537
1970 3110
1455 1768
1664 7050
2307 4048
7688 5585
6549 1841
7730 6910
1500 3257
4913 7441
5249 5471
5439 1980
4072 612
3566 5898
7560 2861
5236 6467
613 1606
4579 3607
3877 7591
4673 3464
1496 1263
3787 6941
6963 6616
7999 5796
1118 2282
2884 6524
6926 1166
3335 1820
7734 4833
5943 3865
4607 7072
1139 2147
6789 1278
459 8103
3097 139
474 6395
1495 2463
8059 3790
771 2863
2250 5288
6013 6623
7712 935
1079 7447
2542 5057
6994 787
3512 3042
5551 1298
6017 6361
725 5389
5717 4664
4981 5587
4422 3043
875 5769
3003 5115
3176 69
7973 300
7066 2070
7594 2668
5485 3451
7917 7750
6911 3387
783 5638
3810 8086
2883 7302
1515 2005
276 7888
7030 5576
533 142
5614 1291
2743 7518
66 4153
4751 1881
6662 4127
1288 4736
6826 6259
2613 3732
7133 5568
4750 5435
3611 5930
3409 8131
3601 3127
5854 3187
7424 4213
1686 7246
142 4023
4078 7037
3109 389
3243 3200
1944 435
3509 3439
7303 3097
4158 1230
3790 1017
1280 6777
4119 4136
4140 3955
4786 5927
6282 2296
271 5446
6938 3518
1495 2127
758 3211
3383 6646
2905 6780
6928 6654
103 5972
4578 5117
3513 2451
3267 4844
3127 1919
8008 3244
1402 4471
7797 2210
379 7859
465 5140
1971 1733
5046 7332
5315 5391
4909 4231
671 464
2037 4805
6478 1013
1571 5159
6699 4268
2060 2199
7136 2812
840 7801
1079 4606
7102 1001
4670 4342
4199 1647
5720 3057
1258 1392
2027 4790
6404 3602
1945 7437
3732 2407
1235 3737
2138 6521
7133 1880
7043 80
782 655
8023 1798
7312 3768
872 7461
5340 4664
2111 5660
3731 6190
6453 3582
2950 3334
944 6505
4105 2677
96 1491
7597 7663
402 2868
8182 6670
5887 5868
4128 4683
5285 6010
7861 6085
3401 3524
7928 6774
6711 3654
5642 7555
4961 1791
8179 4609
1851 1082
7053 1161
2349 2255
3185 5630
5623 4628
3599 5053
2179 5811
8000 4383
525 5187
3608 3329
1611 3727
5329 2992
6461 8016
5669 2133
5261 2913
1674 3685
7736 3344
2013 2685
6420 1347
6511 4251
3025 4682
8107 4383
7051 2709
5298 590
3694 2705
4786 1393
3688 1290
2442 7226
1086 4031
7517 3064
687 841
5174 5291
2491 6829
6934 5727
1802 8092
2368 5404
386 2160
4308 1239
5784 1788
7589 2833
7577 5695
2435 6033
826 2240
2213 1432
7037 6646
4498 2896
6079 2614
2946 7907
2006 1493
6616 791
8026 1078
2545 3600
7 215
6197 7539
6608 6134
5304 5533
2116 3622
1986 1380
3747 2667
6438 318
1035 7703
6123 2746
7738 2622
7582 976
4879 4024
7142 7985
397 6005
1165 5834
3799 1695
2046 7500
6786 7078
7828 6058
7837 4579
4882 840
781 3875
1036 3705
2687 4111
5705 7004
549 6419
2431 5755
5110 3145
6953 43
4994 4689
6463 3746
1117 3395
4371 3927
3749 4119
7563 3052
4859 7011
3807 4458
3331 5541
6584 1576
4501 5658
7614 7168
5874 1689
7999 4299
7944 2307
6076 8177
7212 4921
7138 7773
1893 6328
5860 7882
6698 4989
1467 266
3540 6348
6959 4626
5776 4601
5030 1457
3997 3236
1957 5349
3582 6155
90 3868
4559 2676
630 492
8162 2091
5336 3375
5649 6465
5943 4675
5049 3323
1912 244
397 8040
2862 2990
4987 95
711 7350
569 5558
4323 3323
1378 3537
1405 7067
1009 5458
7554 5456
5116 1532
7545 2846
1867 1038
8167 2394
6963 2207
5539 5984
1998 7748
331 2754
2051 1121
7591 3752
4391 1285
540 3053
5735 2021
831 6274
5209 6690
4503 216
3263 799
6680 1289
5787 6327
5005 7525
6714 5916
445 4736
1189 6163
4012 215
2579 4911
3142 3289
3004 524
7731 3678
4421 411
255 5606
3585 8171
2883 6192
2015 1311
3852 6659
6178 2060
3155 392
2523 7639
5840 2507
4058 7408
564 2259
6000 3103
6383 1337
45 7193
5810 5893
460 6374
4421 6232
5978 1922
5617 7290
5234 2728
4901 3695
5547 5275
5385 7839
299 992
4091 4009
6300 4921
5729 6337
4016 3751
717 5867
4676 5853
7679 6365
3766 5591
3101 8093
1588 2744
1300 1945
5423 7102
5812 5886
6315 320
3340 3283
6673 4885
2433 3781
3574 4081
5403 542
6231 5771
462 4457
4266 6684
1260 7203
6449 6265
7040 2646
5081 1104
6686 2970
2022 6200
478 6368
2897 5628
4461 3865
7177 815
4019 6385
3418 4060
2113 4496
3511 3255
7396 2445
671 2548
6645 6047
1413 4150
4023 5958
2022 870
5198 4809
7007 4106
3209 8167
6958 6955
3424 4886
3739 8058
7648 437
2982 4605
5455 3587
1835 3330
1911 3520
7668 5502
1362 7537
5086 2614
4484 6713
1746 1788
1983 3764
6734 884
6266 3315
6236 1713
2171 1885
5627 6144
7436 3490
1818 7189
1977 2539
2051 950
6266 7098
6863 5908
5520 3358
5829 4396
36 3588
4335 6720
3406 2993
6865 1089
908 581
2183 4560
3378 5769
7437 6419
1106 1727
3012 7931
8093 6031
5991 4104
596 6710
6991 1645
2922 6258
5125 2923
5235 4976
2049 4597
7480 5418
774 6647
6853 6632
2540 8028
5899 53
3283 6176
4340 5507
5002 7997
7293 1871
3446 1150
2007 2365
6415 539
2262 6777
7662 2335
7808 2629
7332 3560
3241 642
1465 2584
6492 5948
3633 1566
5757 6806
4095 4059
1043 5142
928 7550
6377 3429
7870 4487
2070 7029
5542 4659
7338 143
6038 3545
454 7386
3570 6883
3467 811
2886 1572
1353 6997
5415 486
6404 6788
430 2215
952 5199
8002 4068
115 4303
3070 7050
5678 4992
5064 4007
4443 4165
5278 6163
2370 6965
7017 3372
4624 7589
5939 678
6351 5780
4917 4232
4018 2971
2344 8046
3419 7501
7251 88
7485 7617
7442 7350
6894 4320
8135 938
6459 2120
4510 4932
6820 1140
801 7134
3673 2583
5730 167
1327 475
1930 7446
849 6790
1625 6225
5398 1389
7488 2214
2023 4748
7448 5094
4270 7545
6868 7786
2150 1273
1146 4350
2 2403
927 6442
6642 1202
4489 4869
5933 1524
3861 2994
6008 1275
7362 3889
991 6113
4282 6607
8025 5917
1134 4586
6727 3055
4190 7349
5931 581
6794 6631
7763 2888
4857 3727
1827 2027
7309 240
3590 2804
1044 1415
4621 1511
2301 4653
3127 5690
1427 6199
1310 3987
6584 96
4269 4970
2633 3241
450 1961
6951 3130
4008 5750
6766 2290
7320 6628
1386 4064
7197 3920
2461 4056
5980 6784
6146 4024
209 5168
2155 5852
2097 2158
7244 2742
1879 473
4238 412
1780 4044
6144 8122
2368 4911
2538 2704
3900 2967
5674 5978
2449 8065
1201 3599
1545 4752
1123 3497
5823 632
3859 3223
3388 3469
6562 7539
3569 3184
3501 4059
6898 7961
2197 7629
122 2546
2587 2529
2157 4802
3040 5050
6137 1549
6287 6708
51 4071
907 3580
7535 3439
4516 5805
7151 4820
5515 4358
3402 6868
562 6441
922 967
7802 784
5476 2335
2854 901
3033 2218
2587 7895
7894 3961
2473 1307
2594 2972
3738 4833
3411 1341
7861 7830
6053 3121
331 1218
5967 309
3160 5733
2191 43
3286 7625
1425 3075
909 643
1694 2341
5761 487
1499 7464
7078 2860
1971 811
5449 2412
5864 1646
7506 5697
4943 6133
6522 6915
5548 1051
1319 4307
8051 2542
3901 6774
3210 3704
7680 1931
264 7472
6528 7146
575 5718
4055 6699
164 6325
8081 1325
4631 5965
2839 423
4976 1434
1658 3151
7583 4363
6230 3479
7244 4251
3462 1884
7570 7141
576 3536
6140 886
3878 3582
5247 4663
2449 7288
1972 4076
7717 4282
1628 7402
969 4356
7842 4832
4181 4391
1046 1152
346 6463
6323 425
6396 3371
1050 2298
6547 689
3070 349
5614 3688
3342 4443
5715 923
2065 2392
2288 6964
4963 1977
7194 5131
6625 7360
5192 3856
1732 1537
7455 654
7020 5795
8032 3333
2796 8076
7057 6438
442 5460
2388 4291
6591 2027
1821 2442
6415 3390
7164 2879
3685 5218
7216 7596
1874 5437
7244 4084
7641 1294
7139 3187
5423 1618
1059 3280
5900 6634
1547 5060
3418 2502
2418 7244
1988 937
5363 7743
1990 169
2536 888
4439 7882
1904 3460
2044 6109
7373 7001
7523 5034
6466 756
4299 2715
591 1903
7923 1432
991 1453
265 4241
6713 6017
6081 5069
116 6770
4396 7159
1666 4014
7897 5559
4995 7329
1251 3724
4237 1997
118 7213
6056 1612
1848 358
238 4377
5435 293
7270 3023
3416 4687
5817 6247
1695 8160
5384 5662
3152 8026
1156 1289
1472 4808
6540 5176
3399 7272
6759 3129
6029 2912
4430 1814
5552 1201
7627 7751
7892 4183
7091 668
3656 183
3841 6373
3414 76
2134 965
5066 1199
2063 8043
4241 5551
6894 6991
7845 1557
2817 2012
7095 3430
984 4320
3697 1518
6961 2336
4305 3364
7677 4081
3409 2067
2842 5115
3082 1297
2861 5505
409 7440
1058 3688
7599 5854
481 1327
1356 1807
4193 2086
2546 4476
6395 5509
4742 4935
8047 1006
4906 5554
2824 1029
4343 1895
603 6294
3982 534
1089 450
3127 1961
1189 5733
6099 5381
5851 720
5737 248
4563 3724
3478 309
966 4822
7606 4570
2571 6607
5726 4871
5119 4686
2841 7799
7984 4113
5514 808
913 7368
7268 4028
4364 3931
7759 3538
31 5483
5882 7543
4190 6868
2092 2343
5173 8011
7258 2211
6713 5369
2683 7597
7665 6744
3756 2008
4149 2248
6099 5782
2309 699
801 7818
1839 4019
917 4849
6696 784
476 2681
6134 7008
1837 5409
3558 5146
5514 1899
3433 8020
3115 4750
5508 4325
5716 7009
2553 6745
7158 5221
6344 1961
1426 2896
3608 515
5489 6531
1917 5603
6771 5111
530 7029
3626 5443
4852 7502
4447 6826
1772 5773
5616 38
110 2890
579 172
4334 5
7291 565
6408 737
1218 5813
5507 4702
4029 7211
7828 1989
6631 7677
2242 7394
2247 2054
6870 1194
3142 5808
5159 4834
692 1680
8180 1549
669 2262
3359 4420
7156 2056
1609 1710
6014 7956
3158 3565
3610 6903
773 6924
360 191
4021 5726
6113 3432
7581 5367
6909 1357
2629 1878
3188 5490
4701 420
5684 4159
110 5917
1809 3563
2037 656
992 1103
2114 2271
4658 1010
6151 4653
7669 413
316 7907
585 619
782 911
4289 6217
2090 567
512 4013
7170 4464
625 4616
7239 2496
136 2572
2174 4624
7414 3738
6307 2612
3739 4330
1409 4696
5847 4596
4186 1288
7787 8026
2497 7782
5583 260
5648 686
605 687
3948 2134
4393 7724
460 2453
3577 3691
3481 7064
1719 7146
7655 2988
7278 2852
7500 7884
6524 7606
3032 1424
3839 5745
3976 7006
7709 495
6882 6444
144 4724
6095 417
2804 5617
8192 5730
4353 1063
7070 7802
1052 48
2352 1118
6705 6503
3002 3427
5679 1695
3842 6881
3368 52
6816 3057
1373 1409
5719 4911
4653 2740
877 50
7080 4276
1371 6981
2153 5797
5818 3661
2937 771
1353 4611
1708 4131
6067 3304
7867 3134
5934 2181
3896 6366
7161 6834
5100 3687
1334 7418
3358 247
1927 4057
3270 1140
7781 6164
7240 7192
1263 3944
979 2454
6411 6933
7997 3890
5596 2828
7295 8000
5156 606
765 7472
4729 6647
2731 2128
2724 7818
616 7864
274 5251
1671 4431
6096 7519
1626 7528
4783 5460
4364 5996
7460 6206
3729 149
5831 5669
3513 7028
5662 306
6227 628
2423 5127
929 4521
7438 7749
1926 7673
4604 2724
5237 5562
989 3688
3126 987
1223 6811
4377 4472
2733 5999
1598 2152
1139 1861
2028 2789
4695 6979
6246 4948
5597 3000
2176 7588
3503 3571
2588 2631
5311 5685
5402 3952
1 4244
5055 6918
5232 5072
6536 855
5412 2547
7738 8154
1211 7000
3629 3178
1782 1637
2952 3829
2037 4548
4138 2866
7951 3398
3880 3624
4176 1932
5404 1728
8090 1245
5957 8188
3558 7982
8074 2083
4652 4131
5132 6430
6598 4499
1682 1315
5342 6304
4863 6866
3103 8137
5009 5898
1718 8057
2122 5106
7806 4982
1882 1919
5627 2856
7908 1239
4489 2430
7967 1498
7508 1619
6580 7912
5755 5051
2355 3850
2860 8092
1700 3934
7677 6207
3783 1481
699 151
1497 7211
1227 4196
7275 5925
3246 5011
6130 1158
3672 4746
4708 7098
6138 7077
5476 7180
7146 5001
6386 6450
4733 2990
6282 5056
402 5182
4174 3991
3147 1075
1433 7479
4935 6132
6214 7113
3885 5839
5500 849
185 580
5984 3892
1195 2824
6465 2607
4572 7946
3228 3753
2002 5060
7158 2629
5579 6653
3456 1073
5909 3782
8145 5526
1600 7871
192 5315
3737 7235
3692 3945
7236 3871
4873 4583
378 8191
719 1413
5390 5151
4418 0
7744 1582
7156 5633
5785 5376
4250 7916
1053 7159
6651 5636
6443 7013
5420 2935
2154 3574
4864 3266
3114 4450
331 3984
4757 7988
959 8169
5759 7063
146 8059
1970 1508
1525 5399
4523 1783
5084 6612
478 629
978 760
5585 6199
1975 2028
4922 4091
6824 7771
192 1992
7581 378
4213 1581
609 7796
2768 844
4922 1266
6192 7435
1823 2173
6047 6267
1474 104
7040 4807
3663 5305
3521 4494
7988 638
1309 6944
4365 5531
6189 6318
3048 4712
2849 4294
3379 775
926 4766
6362 3847
2254 3945
2558 3101
905 7619
8046 4904
1433 5244
2371 293
2437 6398
5769 2400
4966 6386
3183 3991
8041 5795
5408 2445
3161 1273
6221 222
7460 5228
1726 1840
1781 1136
5343 5113
1757 5529
4109 5417
2806 7086
5476 7297
2146 580
7600 7340
7816 3449
2934 1683
4156 5343
7157 967
5369 5572
740 6451
7902 2286
2438 5830
7073 580
1586 7309
923 7588
991 1847
3939 2342
4976 1012
7088 4089
6446 2516
6204 2572
5329 2788
6554 1252
787 840
1107 1215
7722 1221
4414 2336
6601 1102
4242 6473
5001 3220
3616 8022
6574 4697
3660 6067
3412 8032
8118 371
6557 7585
6759 7231
4490 791
4865 7227
7751 5942
2594 5392
8186 7960
803 7159
7387 8155
6325 3451
3737 592
4339 5159
5879 5967
7881 719
6946 5125
691 2928
6436 4963
8136 6460
4500 1022
3093 5905
4366 2729
3231 543
2389 7896
5827 6949
4493 7713
1001 1024
5655 7504
4575 5773
690 2543
5435 4114
4122 7670
4930 1579
78 2456
5131 3779
3267 5468
3357 8025
3605 1731
2686 4248
5451 3814
7270 5550
2905 5399
3728 4080
6832 5866
268 2189
4578 5320
3264 626
6960 2007
4786 6036
2449 6786
1650 4733
1225 7710
3231 631
5223 6058
7602 3700
6183 3017
4371 3016
1046 180
6860 5452
6799 312
6479 500
5222 7901
5147 1516
7073 3088
5598 8162
1894 5152
3533 3824
7294 907
5300 6826
5091 169
5360 6005
2457 3567
6813 6592
5088 8163
4925 637
8088 2357
4648 515
1351 1737
1281 2498
3021 5441
4640 5595
6604 2880
4792 7333
4967 321
7872 4045
5192 2826
513 3152
7098 4653
3740 3617
8018 4946
3630 4148
1171 7531
1484 1667
5585 7301
5750 3412
4840 4461
3149 2062
602 1021
7389 8191
6428 7958
4127 2842
674 6826
5175 3572
4009 5309
1727 3640
4358 3096
6441 1407
3417 4895
6492 5483
5339 7062
6416 2193
7737 6219
5981 5338
6320 6437
4240 1119
200 3649
1029 4273
4389 1063
3700 1534
2890 153
5392 2354
4271 157
5441 6950
3439 4914
3054 5250
2329 6729
1702 910
930 2887
933 6697
1541 4
1598 5698
6316 1889
5137 7337
79 4066
5742 6151
194 7925
7193 1743
4484 4571
1176 4164
4840 6655
2418 5581
3332 3644
3110 3063
2448 5271
7856 3918
270 8099
1307 3465
2369 2814
6415 4377
6701 5903
6189 2726
3438 913
4938 7281
505 228
6650 4424
2530 6069
4210 5762
4611 4180
1337 4593
7407 2411
2115 978
4997 5487
7679 4696
7674 7321
5130 762
182 6561
2073 1148
3928 436
2587 1888
2457 4061
2489 1648
6101 5103
3679 2933
4572 7008
4513 3653
2552 2680
2031 7720
6840 3151
5458 7657
2016 1342
7815 4034
8046 5108
1769 5912
3781 5922
4580 7328
1891 6968
239 6908
6016 7547
205 2839
632 1351
7667 4203
4705 7258
400 2878
5097 7183
2457 6400
5147 1766
1524 4448
1732 8013
6743 1635
1741 188
7975 5974
3382 6421
5624 7435
2319 4965
7524 7422
6215 3711
1280 2465
6161 4680
4144 6500
644 1234
2733 8023
3693 1007
4936 3178
5192 2548
8000 4745
5942 4434
2412 3283
2455 6039
3079 5529
5375 1728
7816 2139
1187 4526
4252 792
5655 868
5387 5834
6538 3550
6052 5564
7605 4181
6349 504
1998 2814
7248 7785
840 3158
2057 4328
14 1395
4767 3757
3170 4675
3076 6710
5779 3702
1210 8167
4296 1243
5217 2463
2878 7527
6269 6726
5715 4914
5920 7712
5332 7318
1395 2214
6216 3180
68 5381
5269 8151
3920 919
4922 7239
5138 6269
6117 2415
5677 5288
4328 508
6729 2770
2674 4904
6610 5653
7567 6689
51 4298
5944 5737
4252 5880
7809 1878
7951 2850
876 3853
1470 60
5499 5876
6593 6765
8163 3882
5324 2902
6234 3267
7077 1880
1631 2252
3338 4216
7502 8001
1410 2467
520 4306
1166 2389
2707 2925
2844 6029
4057 6446
7258 6438
5216 191
3490 1745
6319 3084
6712 2366
6687 6617
3010 6854
578 7164
621 3576
1697 4855
4701 5726
7684 7122
2033 1995
2473 412
3708 1685
4403 1129
7865 5759
6448 2713
455 7254
2161 1083
1721 3068
5840 5578
4439 6996
3625 1089
4313 772
1701 587
2714 6716
974 5670
5082 4959
1599 973
7215 8174
7444 2000
3745 2748
589 1753
3945 2974
3752 8048
2846 7943
2360 2939
1625 7356
829 7387
6064 3793
4593 6345
4917 3808
2255 665
2182 156
6137 7256
6346 3226
1498 6970
2006 816
48 1463
8171 1117
2595 1288
7131 4097
2425 4641
2411 2286
8064 6302
1678 3811
3744 1214
3608 5323
4858 2899
5363 7390
6093 8140
4244 4388
6558 2549
2678 6605
243 7887
5287 5004
7789 2297
3837 106
5758 6641
1918 2799
2171 7655
3642 933
4631 1344
7894 1085
3880 3606
7972 565
4152 2070
1694 6087
3800 74
5704 6532
525 7852
6589 1940
3052 6177
7036 3934
4569 36
4377 4831
6555 3898
2567 5350
5167 1577
6626 523
7654 2293
5919 6636
5450 4100
768 6480
1537 509
5991 1337
8091 4821
4973 5685
8178 6881
7191 4793
1614 4282
3799 325
2986 7960
7290 7130
1235 5145
2123 3779
5724 5736
1214 7531
3708 7380
6886 1751
784 631
5176 4717
5501 7899
1112 7220
8005 254
1934 5706
5252 5417
8114 2368
5170 793
5325 3822
6628 7858
5706 1990
3170 4852
4454 1923
2263 7756
7704 5091
4885 511
817 1328
4614 3864
1264 15
5415 747
2277 3895
4460 4585
6429 1253
1598 5798
2505 4928
3718 4632
1102 7658
2603 2910
7741 6241
5713 5821
8148 3007
4370 3202
3994 1283
1521 7252
7263 972
8122 3614
8076 7697
6449 7906
7818 7009
98 2174
3714 7887
781 3935
3735 3832
4989 6032
5849 7901
1760 4987
1562 694
2577 6908
7492 5512
1601 1189
854 3566
2456 7651
1615 7645
705 3334
6985 772
366 1938
331 536
3748 610
5810 6078
1127 3503
5677 2006
3387 986
5984 1224
771 1347
3733 2377
5720 7665
6574 1604
1208 4848
4396 7802
6603 6497
3478 2766
267 2592
2275 7295
4740 6476
7869 6392
2012 2752
1933 3977
5503 3797
5849 7062
2742 6429
4542 5360
1584 3153
6380 1828
8189 4209
7966 3459
5456 3742
1698 2172
4741 7099
8134 7103
136 6388
5146 1767
5990 7065
6217 1019
5035 3220
5909 6280
6168 4211
3096 748
1714 4584
3926 7405
7395 3374
4809 4011
1036 1231
2892 5985
718 2576
12 5947
7596 1618
5159 6886
7588 5476
5171 1540
5261 6140
1898 3023
6472 3080
7924 3494
5235 1110
315 229
7049 5682
7462 641
6375 6594
194 3258
6500 298
5318 7305
4272 1221
6395 1102
6080 6745
1189 4849
3157 3868
8011 3637
846 6503
5427 4955
6604 1971
3502 6456
2395 1706
3142 5528
4683 1308
3947 3832
6533 5779
5745 5359
1795 5925
5268 3204
4521 1166
282 3969
3553 1964
183 7896
1197 1324
595 2980
1360 4294
6165 8169
610 8057
4965 5845
5211 8160
1530 4557
2574 246
7671 6023
5958 1752
1402 1848
1892 3623
2335 6805
381 5886
4345 7589
1611 2185
6228 8193
5447 1102
6479 127
2371 5672
513 7077
5566 5168
7014 5197
6478 1902
1142 4289
3554 186
7769 3338
7017 7776
6192 6160
4308 727
4636 2467
3634 559
170 8110
6412 657
4611 4531
5501 376
2011 5445
1914 3879
4937 1925
4921 7688
7664 2392
245 8082
4016 3698
1207 2290
6563 5602
2602 4070
4294 4775
1671 7791
4118 6390
3293 4318
5455 4670
2522 5449
2899 1957
36 5005
649 6160
5138 7635
7781 4672
183 3003
5450 4402
1494 4732
4658 1854
3434 1375
432 2789
340 4003
7654 2708
73 6722
3178 6896
4922 2493
3335 8077
4224 5005
4597 7810
8128 3500
7233 1797
1154 5686
2564 4985
4026 260
497 1603
6277 2010
7562 8018
1482 1827
4874 201
8148 4560
2841 3347
2483 3277
7791 4546
5533 2669
7504 6558
7468 6759
826 2229
362 1753
2965 547
449 5416
6071 1237
4945 4780
6965 2470
2223 8110
2832 5244
713 6665
1744 908
484 4093
993 4821
6860 5204
104 1410
7456 6842
7338 973
1693 147
7102 1672
5913 6938
2676 2069
6764 7537
3185 3161
5287 3889
4547 2256
4575 120
7803 2685
4044 7145
7817 904
6580 1851
3505 2191
2983 3363
795 6874
7953 4070
2941 2845
3137 1516
7806 5910
3824 6260
651 5340
3351 5745
7635 300
4829 812
3007 4377
3359 4148
673 3450
7588 513
4644 3678
6914 3930
7212 1908
6394 187
1588 6723
5112 5084
4562 4207
1834 1037
7746 4382
3697 6078
5404 1123
7793 4721
1930 568
957 2732
5099 3233
522 2711
4397 2784
1216 2783
8149 81
2565 2434
3107 4923
2289 6633
5976 1385
3390 2915
5915 3582
1631 4553
1710 4019
2979 1665
3532 3110
3845 5942
7820 4895
7418 2686
4979 6092
6491 1183
233 5587
3526 3380
2538 3808
7064 5610
5021 7997
2351 1388
952 5918
6854 6569
2823 4509
3446 3373
5954 3653
8106 7331
1530 2749
886 4502
7404 4147
2913 4559
4703 1435
5705 3504
2548 8060
3317 2602
6257 5849
5609 6852
7335 7601
1165 3518
4709 705
4654 8073
1212 5399
2410 4713
7240 4306
4652 1699
5489 1000
7191 6149
1777 317
1142 7098
6914 2964
25 1325
135 6405
1853 4706
4273 1977
5126 557
1648 148
3933 6894
5577 7333
4046 1170
4607 3893
1160 1563
2782 1293
1281 6978
4092 7810
5878 6562
1549 749
2078 7317
5283 2189
802 5407
839 3131
4438 278
2352 6589
6833 2200
5261 6133
5261 7630
6126 1761
6583 4981
5219 5916
7466 4020
4530 2287
7537 3191
1844 1029
7869 2329
5962 5142
5414 6277
563 3368
3320 1470
1274 6133
3639 5893
3277 5709
2281 3917
8180 2466
5001 2037
2164 3263
3158 3418
5587 5828
7650 8042
4781 2097
3416 7715
4594 1971
2173 2691
2261 4294
3503 942
411 4297
7427 3940
317 7844
2337 5081
7092 2893
7965 8113
4364 6607
6086 5362
1910 5975
5421 3725
2640 1823
10 3847
2700 5466
1211 7929
602 7612
2728 7551
3710 344
1016 6905
6038 2116
6076 943
6674 3110
5272 493
5392 7827
3686 1019
8098 2627
3280 627
3323 7805
312 6965
1031 1431
3715 3566
1124 320
5323 4912
6481 4232
2190 6911
934 4269
5491 93
4906 2823
2597 881
7252 7827
4230 6378
2001 6849
7712 4775
3422 5180
6642 4902
2138 8004
4041 1631
1940 2226
3271 6248
2542 7211
7197 3185
8131 3618
7922 406
3985 2758
2069 1184
2830 5957
1179 2373
689 6282
769 8057
7422 4201
4127 1721
6776 953
2371 2847
5275 3146
7730 550
5677 864
7201 5351
3308 2525
7230 7686
351 1534
6118 5552
6110 1517
2022 2415
6066 1014
5366 2669
7166 855
5200 3613
4526 3406
4492 1510
7775 2778
5496 2680
2110 7551
2945 3273
5358 4565
5888 2578
5520 2030
119 3675
6968 1092
220 102
2258 3137
837 3534
233 5344
1561 5547
6642 6074
3765 5792
6628 2120
2746 5237
7798 1302
7279 2186
3758 648
2646 4371
2652 4381
8122 3038
8135 6015
6518 3595
4679 7286
7330 3285
370 5953
1059 3397
4434 951
5882 6136
1544 3164
4421 1895
6789 6373
3251 934
8130 914
1111 353
5778 5627
3119 5311
5373 474
7940 6800
5754 3871
3785 2901
3142 5433
4652 308
4290 1219
5806 2733
1053 153
200 3259
3334 2970
188 5919
1955 3673
1519 7311
5508 3462
5034 6954
332 3597
3527 6472
8003 6026
1459 7569
2581 4578
4982 2983
2824 2719
4377 5005
6197 106
2359 2293
1485 4983
2061 2141
3378 5746
3662 2767
5310 5785
2913 6113
2130 6603
5731 7468
1448 2861
1786 6737
283 2999
2545 5014
4314 5943
3243 2015
4384 3597
3035 5139
7570 1306
2102 2052
7364 7031
347 4481
2460 7937
6589 4352
5451 4381
1076 3822
3939 311
6123 6992
6870 752
3275 7057
2529 7628
5342 3257
2998 2294
556 2836
2096 6627
5795 813
6513 8037
2779 3827
7842 6845
5853 1996
5459 23
923 6251
6003 598
4301 1209
1399 6758
8183 7213
5683 3838
6220 5461
597 3513
2212 1447
3199 4669
1281 8108
6507 3106
6378 7954
591 6858
3413 4318
2507 6881
590 5579
1283 4791
982 1756
3349 5190
5132 6442
5554 1781
1863 6557
4284 4856
3444 3405
7144 1897
7766 1080
1492 5689
3788 5307
6873 7551
2688 3065
1973 7163
4806 702
2433 3653
7840 171
2487 469
2493 6402
7825 36
1412 5643
3160 7169
2278 4940
3818 7606
4468 273
3215 2801
6430 2241
3197 1938
1698 6760
196 559
5928 7456
1353 2537
7590 932
3574 1828
4631 8053
189 1442
1033 6218
5900 5648
652 733
5136 37
4518 3953
7597 1183
7122 171
1595 7010
1997 7412
4206 5020
5722 7982
3174 1191
900 4038
124 7413
4934 5908
4649 8034
1995 6623
4586 3053
5906 5732
8122 972
214 8091
7236 2732
831 3928
2171 4683
7859 5837
4911 575
7029 8044
3285 2866
4800 3074
2886 4252
5351 3593
6927 2318
4884 1133
6368 2427
5502 3296
5543 6436
1371 1531
7448 2844
6007 5660
743 5947
3806 1890
1106 3387
4613 7064
854 1939
5046 676
1477 463
271 6919
6558 7027
5717 2609
6986 2934
128 2045
1752 3882
3438 6845
3568 7965
2999 4292
4214 3124
2371 889
1937 1417
7845 1320
2481 2570
6390 108
7535 7093
6996 1733
7064 7347
3773 4533
5009 3072
5608 4840
5579 7342
7332 2933
3808 6494
3097 296
543 3829
5391 6458
5895 4841
571 1975
2630 2366
6308 1875
7012 6184
139 4399
6053 5937
1527 7016
5765 5720
6939 2765
7332 589
6989 3996
1351 3669
4746 7163
688 5916
1922 4217
1699 7079
4172 7197
3285 1155
6272 1027
2519 1838
7083 1644
3583 2026
4026 2840
4109 5474
7641 7313
6800 4845
4660 309
1648 2061
7540 1567
3791 7701
1385 2709
4917 7208
3742 4854
1649 34
312 5102
123 3882
5542 5762
1025 2729
6305 320
7370 2006
4848 1901
5243 5731
1588 1520
6466 257
3680 6650
7310 5170
5804 4621
2850 1955
6264 8186
7200 7697
3927 5484
4236 4676
2424 7405
4452 4355
4428 3472
6271 5191
1963 6735
420 6847
1428 804
3070 2439
6666 5276
3638 2709
6866 4298
6806 2083
8049 280
5177 1246
1864 685
4471 7626
142 2199
4677 4748
806 6826
4419 5867
5593 7020
6836 6606
354 7414
1461 7807
2864 922
398 2709
7059 1837
7459 4528
3115 5070
1486 5737
915 5633
8102 5935
3570 3828
6789 4140
576 4604
2940 3333
4515 2799
415 1762
3013 5192
2252 3682
4997 4486
2774 492
257 1235
1530 3637
2137 76
1090 7732
4191 620
5886 1308
1532 2127
6007 5637
7582 4081
905 2771
7906 1753
2644 5772
2457 4066
7497 5816
1966 3031
1996 2679
93 5520
6240 3185
5697 2083
5593 8030
2508 7195
7245 6200
2661 6667
1254 2571
4062 4468
6293 5820
370 3566
6976 2899
6762 4885
100 4691
415 923
6164 7207
3764 4383
2627 5021
550 7227
8017 6637
2264 2836
4898 85
6803 683
7243 1435
3232 3265
1228 7015
40 4353
7201 3821
4495 2302
5421 2042
3017 8119
5748 3773
2346 312
6539 2970
1125 3375
3584 2378
3673 3444
2230 507
2172 77
3732 6450
5725 5323
4589 4074
1910 6496
7401 4512
2693 1930
1599 2535
7561 2825
2683 5349
2849 1374
5865 5958
7170 4117
5175 6941
7104 50
8061 5157
727 3060
2438 4024
6966 7532
4534 1631
3990 8107
8088 4212